0,clipboard,baking_oven,bar_stool,basket,blender,bread_maker,cabinets,can,can_opener,candle,card_catalog,cereal_bowl,chair,cinnamon,cloth,coffee_maker,coffee_mug,coffee_pot,container,range,cooking_utensil,corner_cupboard,counter,cover,cup,dirty_dishes,dish,dishwasher,drawer,dustbin,exhaust_fan,faucet,fire_extinguisher,flooring,flour,food,fork,fridge,peas,garbage_can,garlic,george_foreman_grill,glass,glass_fronted_cupboard,display_cabinet,grape,grill,hinged_door,icebox,ingredients,iron,kettle,knife,ladle,large_container,linoleum,liquor_glass,meat_thermometer,microwave,milk,oil,oven_mitt,pan,pantry,pepper_and_salt,pie,plastic,plate,plumbing,pot,potato,potato_masher,rolling_pin,salad_bowl,saucepan,saucer,serving_trolley,sideboard,sink,small_appliance,spatula,spice_rack,pad,step_chair,storage_pan,sugar,table,tablespoon,tea_towels,teaspoon,telephone_directory,textile,trash,trash_can,tub,vanity_case,wash_cloth,window_curtain
clipboard,1.0,0.03595464304089546,0.21583868563175201,0.15584418177604675,0.13368800282478333,0.0935581624507904,0.1902848184108734,0.08655372262001038,0.1468391716480255,0.07299935817718506,0.29399314522743225,0.1408824622631073,0.19163167476654053,0.02070290967822075,0.11468442529439926,0.12342353910207748,0.3858869969844818,0.09148335456848145,0.21501898765563965,-0.08933164924383163,0.13487926125526428,0.13983136415481567,0.13926829397678375,0.031714096665382385,0.09459690749645233,0.03328191861510277,-0.06020862236618996,0.07738427817821503,0.3109448552131653,0.19055980443954468,0.022783325985074043,0.04587501287460327,0.19160209596157074,0.05630175396800041,0.011904610320925713,0.007581740617752075,0.012054996564984322,0.11155848205089569,0.028567776083946228,0.19777034223079681,0.021099358797073364,-0.07698867470026016,0.12927846610546112,0.16193771362304688,0.09550042450428009,0.07993701100349426,-0.03361501544713974,0.13022518157958984,0.06865331530570984,-0.03235985338687897,-0.0018169358372688293,-0.023473568260669708,0.17190726101398468,0.07755552232265472,0.15624573826789856,0.08893737941980362,0.16750729084014893,0.13795438408851624,-0.06197044998407364,0.0035265088081359863,0.023629160597920418,0.15367461740970612,0.03541618958115578,0.12946467101573944,0.08102967590093613,0.035533156245946884,0.17707565426826477,0.12126579880714417,-0.019003819674253464,0.016256183385849,-0.02161514014005661,0.12570595741271973,0.1524660736322403,0.08024358004331589,0.060473669320344925,0.10782646387815475,0.0635947585105896,0.18670380115509033,0.014859654009342194,0.11625777184963226,0.18872520327568054,0.14826376736164093,0.36602073907852173,0.12235807627439499,0.24228115379810333,0.008871713653206825,0.2864384651184082,0.10935163497924805,0.1847512125968933,0.05051888898015022,0.266657292842865,-0.013961420394480228,0.18197426199913025,0.23114877939224243,0.015901077538728714,0.1976909041404724,0.03693582862615585,0.1656823605298996
baking_oven,0.03595464304089546,1.0,0.31514617800712585,0.2345917820930481,0.3366466760635376,0.6361460089683533,0.3651607632637024,0.05874953046441078,0.1765131652355194,0.21974781155586243,0.10495372116565704,0.5083216428756714,0.07162289321422577,0.32423830032348633,0.06279812753200531,0.40133577585220337,0.42300474643707275,0.3499128520488739,0.16337531805038452,0.09777866303920746,0.6864684224128723,0.7011400461196899,0.2377765029668808,0.01240292377769947,0.15747325122356415,0.5726975202560425,0.5560626983642578,0.46853795647621155,0.219093918800354,0.14599505066871643,0.23587292432785034,0.24167582392692566,0.16922888159751892,0.20284847915172577,0.4183140695095062,0.4457482099533081,0.18968208134174347,0.530887246131897,0.24652789533138275,0.15059985220432281,0.3423037827014923,0.4654815196990967,0.14382675290107727,0.5689576864242554,0.1965216100215912,0.02513779141008854,0.6370037794113159,0.3790273666381836,0.44810497760772705,0.4727814793586731,0.11680186539888382,0.4902889132499695,0.22950197756290436,0.32271185517311096,0.5183780789375305,0.25372326374053955,0.28476443886756897,0.5176968574523926,0.5493371486663818,0.18477408587932587,0.12210177630186081,0.34849053621292114,0.45796504616737366,0.4877575635910034,0.5695125460624695,0.5181494355201721,0.01349451020359993,0.33990854024887085,0.27395573258399963,0.4345945119857788,0.3555852472782135,0.49337801337242126,0.2698436379432678,0.4949319064617157,0.49956998229026794,0.21513262391090393,0.5369385480880737,0.31048357486724854,0.2387854903936386,0.4140801727771759,0.40746039152145386,0.4006289839744568,0.07890262454748154,0.4664320945739746,0.4292793869972229,0.22726097702980042,0.25910520553588867,0.276445597410202,0.47651994228363037,0.24709215760231018,0.0749436765909195,0.0333968922495842,0.1097928136587143,0.15674440562725067,0.31469428539276123,0.1966862678527832,0.3776347041130066,0.4383847713470459
bar_stool,0.21583868563175201,0.31514617800712585,1.0,0.17135153710842133,0.13368839025497437,0.1404273509979248,0.4102664291858673,0.05056316778063774,0.08664263784885406,0.12764972448349,0.13662728667259216,0.3270127773284912,0.6539146900177002,-0.014017833396792412,0.10908136516809464,0.27106308937072754,0.4932272732257843,0.3043443560600281,0.1277744472026825,0.08045275509357452,0.2726559638977051,0.4804248511791229,0.4896358251571655,0.029495855793356895,0.10395190119743347,0.37319421768188477,0.21060064435005188,0.2891283631324768,0.33527153730392456,0.1836634874343872,0.17674291133880615,0.21027840673923492,0.12016483396291733,0.3024357557296753,-0.025863196700811386,0.17332829535007477,0.16131402552127838,0.26797449588775635,-0.04709611088037491,0.17199444770812988,-0.023335911333560944,0.206145778298378,0.22005760669708252,0.5990020036697388,0.37969833612442017,0.07937625050544739,0.3840966522693634,0.3743205666542053,0.22759217023849487,0.06656584143638611,0.08218702673912048,0.1923944056034088,0.13048316538333893,0.10956369340419769,0.47490543127059937,0.28020983934402466,0.6282264590263367,0.21269086003303528,0.15246137976646423,0.0006516687572002411,-0.0022114962339401245,0.13167303800582886,0.04922858253121376,0.2887917160987854,0.22707219421863556,0.0665886402130127,0.004480376839637756,0.2755027413368225,0.050746507942676544,0.17998355627059937,0.01585175096988678,0.1410662978887558,0.12735992670059204,0.3765377402305603,0.15568216145038605,0.23037701845169067,0.5574911832809448,0.5755578279495239,0.2543417811393738,0.16737419366836548,0.1985137164592743,0.3931161165237427,0.2662294805049896,0.38918718695640564,0.38307011127471924,0.01952653005719185,0.6496673822402954,0.12424983084201813,0.3160293996334076,0.06557988375425339,0.13277725875377655,0.05036858469247818,0.07886971533298492,0.1982003003358841,0.36265048384666443,0.24303311109542847,0.2399614006280899,0.4551446735858917
basket,0.15584418177604675,0.2345917820930481,0.17135153710842133,1.0,0.10620564222335815,0.1778847873210907,0.18469631671905518,0.07650960981845856,0.07568101584911346,0.10752460360527039,0.07625836879014969,0.3156100809574127,0.17961212992668152,0.04791934788227081,0.15643110871315002,0.1274832934141159,0.29385676980018616,0.05611616000533104,0.36008188128471375,0.14703011512756348,0.276679128408432,0.23987984657287598,0.1685531884431839,-0.0194457545876503,0.15547174215316772,0.1766049563884735,0.23547913134098053,0.19897793233394623,0.22903074324131012,0.3377443552017212,0.14346586167812347,0.11703677475452423,-0.021903429180383682,0.04088456928730011,0.14379674196243286,0.22555124759674072,0.10827343910932541,0.24302850663661957,0.14168447256088257,0.3496060073375702,0.01804150640964508,0.1300283670425415,0.13881085813045502,0.17474713921546936,0.10439164936542511,0.11990287154912949,0.1042230874300003,0.1559370756149292,0.19153659045696259,0.11895082145929337,0.09369146823883057,0.2240155041217804,0.08378984034061432,0.21095216274261475,0.3302794396877289,-0.003370562568306923,0.13335102796554565,0.1788071095943451,0.11531583964824677,0.09812797605991364,0.031877193599939346,0.21691516041755676,0.17676518857479095,0.30342480540275574,0.14702141284942627,0.15071700513362885,0.1574210524559021,0.22870495915412903,-0.04394172132015228,0.1973700225353241,0.10912345349788666,0.18987980484962463,0.1050928458571434,0.27076274156570435,0.22565218806266785,0.2186930924654007,0.14561894536018372,0.24199098348617554,0.16905303299427032,0.23461079597473145,0.13843677937984467,0.2611590027809143,0.0849524438381195,0.1667919158935547,0.32950934767723083,0.04375988245010376,0.25827884674072266,0.09314519166946411,0.2161121666431427,0.035360828042030334,-0.029683813452720642,0.12445077300071716,0.25034570693969727,0.34209808707237244,0.30681848526000977,0.19398030638694763,0.174784317612648,0.14485350251197815
blender,0.13368800282478333,0.3366466760635376,0.13368839025497437,0.10620564222335815,1.0,0.3547922372817993,0.17240405082702637,0.06722269207239151,0.29000324010849,0.12901300191879272,0.10935066640377045,0.30046188831329346,0.057071998715400696,0.19070595502853394,0.00013517588376998901,0.4409133791923523,0.29573678970336914,0.24813149869441986,0.23638901114463806,0.010744929313659668,0.5027612447738647,0.3220669627189636,0.09948524087667465,0.010952398180961609,0.19942179322242737,0.30763310194015503,0.23045393824577332,0.39026254415512085,0.1831255704164505,0.19856944680213928,0.22584563493728638,0.2515619397163391,0.1994357705116272,-0.004633031785488129,0.24190878868103027,0.10829155892133713,0.19855059683322906,0.37150514125823975,0.14862261712551117,0.20698300004005432,0.19947698712348938,0.1200363039970398,0.20560765266418457,0.19270575046539307,0.004759062081575394,0.15047739446163177,0.22313761711120605,0.05488087236881256,0.2970539927482605,0.2701660096645355,0.05809058994054794,0.39198803901672363,0.24753087759017944,0.3474578857421875,0.27649715542793274,0.08889363706111908,0.23060092329978943,0.3916052281856537,0.36083799600601196,0.20028428733348846,0.10166855901479721,0.2015780508518219,0.29465243220329285,0.21494418382644653,0.29721081256866455,0.13248857855796814,0.12191808223724365,0.1537855863571167,0.11641605943441391,0.29349327087402344,0.0862763524055481,0.500804603099823,0.22655948996543884,0.25278598070144653,0.49702128767967224,0.2666826844215393,0.1594172716140747,0.12738017737865448,0.18978512287139893,0.38440513610839844,0.4195665121078491,0.27896684408187866,0.04699023440480232,0.2505253553390503,0.2864369750022888,0.1651313751935959,0.10604792833328247,0.3734801709651947,0.24666453897953033,0.3347076177597046,0.019926361739635468,-0.018707402050495148,0.10421589761972427,0.18836739659309387,0.2573000192642212,0.16706591844558716,0.16594649851322174,0.10128936171531677
bread_maker,0.0935581624507904,0.6361460089683533,0.1404273509979248,0.1778847873210907,0.3547922372817993,1.0,0.22445935010910034,-0.06852670013904572,0.307685524225235,0.15756770968437195,0.013097806833684444,0.3755968511104584,0.04455502703785896,0.2104441523551941,0.12967270612716675,0.4458729028701782,0.2859947681427002,0.27925845980644226,0.10374561697244644,-0.034314025193452835,0.5372259616851807,0.4688352644443512,0.09596901386976242,-0.05327378958463669,0.10671595484018326,0.35792291164398193,0.3648465871810913,0.39933162927627563,0.14162659645080566,0.1554974615573883,0.20992717146873474,0.1610632985830307,0.244578555226326,0.14596566557884216,0.41221487522125244,0.26878461241722107,0.11875779181718826,0.3633645176887512,0.08400385081768036,0.18804875016212463,0.19187721610069275,0.3113684356212616,0.08585526049137115,0.35775500535964966,0.0215395949780941,0.0308713149279356,0.31966841220855713,0.2376500964164734,0.32992392778396606,0.27933773398399353,0.04194224625825882,0.29303303360939026,0.25420302152633667,0.24962235987186432,0.3270376920700073,0.19043725728988647,0.10711906850337982,0.3791002631187439,0.3649631142616272,0.19535134732723236,0.013665135949850082,0.3218727707862854,0.345007061958313,0.36918574571609497,0.39532268047332764,0.4666052758693695,0.057325560599565506,0.2083071768283844,0.2246248722076416,0.25946590304374695,0.21491244435310364,0.44111722707748413,0.4219362735748291,0.32283711433410645,0.3513985276222229,0.17236928641796112,0.24722392857074738,0.1606728434562683,0.11669832468032837,0.5199992656707764,0.3488444983959198,0.2913265526294708,0.05533026531338692,0.3232106566429138,0.3052358031272888,0.17613109946250916,0.08356077969074249,0.1749706268310547,0.44937121868133545,0.160881906747818,0.03895650431513786,0.10948843508958817,0.08314985781908035,0.21961332857608795,0.21815377473831177,0.21265453100204468,0.25675690174102783,0.3518184423446655
cabinets,0.1902848184108734,0.3651607632637024,0.4102664291858673,0.18469631671905518,0.17240405082702637,0.22445935010910034,1.0,0.12119659036397934,0.22223250567913055,0.024149766191840172,0.34150564670562744,0.4156615138053894,0.26101821660995483,0.08884475380182266,0.09487351775169373,0.25599825382232666,0.5906080603599548,0.12054356187582016,0.32612815499305725,0.14191320538520813,0.31298479437828064,0.674640953540802,0.3500477373600006,0.043093178421258926,0.059667520225048065,0.355593204498291,0.19275307655334473,0.428345650434494,0.6884375810623169,0.3280474543571472,0.24006783962249756,0.31902259588241577,0.17832216620445251,0.46268871426582336,0.06273775547742844,0.12270614504814148,0.028595570474863052,0.5378667116165161,0.01685049757361412,0.33108824491500854,0.07155648618936539,0.21654218435287476,0.28614917397499084,0.6208189725875854,0.4351051151752472,0.048592716455459595,0.17565929889678955,0.5684217214584351,0.45327556133270264,0.22545315325260162,0.05739763379096985,0.19363029301166534,0.09595833718776703,0.057003531605005264,0.6810282468795776,0.37021785974502563,0.35293734073638916,0.28760892152786255,0.28345969319343567,0.04567137360572815,-0.019598528742790222,0.1174289882183075,0.08710703253746033,0.6630907654762268,0.33924421668052673,0.036381274461746216,0.1318303346633911,0.16373582184314728,0.326473206281662,0.19518017768859863,0.008860254660248756,0.164434552192688,0.03039412572979927,0.40602871775627136,0.20820991694927216,0.12552522122859955,0.30572831630706787,0.6203753352165222,0.3008909821510315,0.3411019444465637,0.1397085338830948,0.5803654789924622,0.13263347744941711,0.6566914319992065,0.7638269066810608,0.017956223338842392,0.34284883737564087,0.10916869342327118,0.3224560022354126,0.08004237711429596,0.25247639417648315,0.05147848278284073,0.22776955366134644,0.33256796002388,0.3705291748046875,0.548026442527771,0.36227113008499146,0.5905481576919556
can,0.08655372262001038,0.05874953046441078,0.05056316778063774,0.07650960981845856,0.06722269207239151,-0.06852670013904572,0.12119659036397934,1.0,0.01786680519580841,0.0638469010591507,0.10175028443336487,0.06089834123849869,0.04044181853532791,0.039232492446899414,0.018508894369006157,0.050874873995780945,0.14880308508872986,0.03618963062763214,0.1670529544353485,0.10133340954780579,0.09708235412836075,0.07959995418787003,-0.006208602339029312,0.03022089973092079,0.10679379850625992,0.03838370367884636,0.09555652737617493,0.06132696941494942,0.09279788285493851,0.07490968704223633,-0.007586527615785599,0.05614013597369194,-0.030766882002353668,0.009284712374210358,0.03156773000955582,0.02475687861442566,0.013918422162532806,0.10613274574279785,0.13402657210826874,0.07444740831851959,0.058037228882312775,0.07464288920164108,0.12201690673828125,0.014108072966337204,0.03969006985425949,0.010669484734535217,0.05525229871273041,0.057523149996995926,0.058122117072343826,0.0844271183013916,0.057418204843997955,0.05809185281395912,-0.0023947767913341522,0.06869196891784668,0.09416293352842331,0.0018224455416202545,0.08850783854722977,0.07714859396219254,0.08653505146503448,0.06021616980433464,0.02841958776116371,-0.024550389498472214,0.061163246631622314,0.07467574626207352,0.08918316662311554,-0.02266756445169449,0.13723844289779663,0.07663659751415253,0.017941415309906006,0.07538076490163803,0.034184955060482025,0.07710583508014679,-0.029195556417107582,0.02923336997628212,0.06806585192680359,0.04356226697564125,0.014352578669786453,0.026454724371433258,0.09182088077068329,0.044868048280477524,0.10090119391679764,0.04704466089606285,0.04454488679766655,0.06850877404212952,0.12750810384750366,0.04017779603600502,0.059540294110774994,0.1103752851486206,0.015814514830708504,0.12988543510437012,0.11159399896860123,-0.0326412133872509,0.11604669690132141,0.05829373747110367,0.0888356864452362,0.02874188870191574,0.010101363994181156,0.015308399684727192
can_opener,0.1468391716480255,0.1765131652355194,0.08664263784885406,0.07568101584911346,0.29000324010849,0.307685524225235,0.22223250567913055,0.01786680519580841,1.0,0.020027630031108856,0.10536813735961914,0.3818363845348358,0.001295723021030426,0.03787655755877495,-0.04729331284761429,0.3621615171432495,0.2704848647117615,0.37876075506210327,0.24164080619812012,-0.045299679040908813,0.3250705599784851,0.2906987965106964,0.08735714852809906,0.017455197870731354,0.26844581961631775,0.22226127982139587,0.16152305901050568,0.2988274395465851,0.27351415157318115,0.1955139935016632,0.1667606234550476,0.20099638402462006,0.2770625650882721,-0.01498929038643837,0.10695277154445648,0.13037487864494324,0.16779208183288574,0.30505824089050293,0.09665429592132568,0.2138804793357849,0.035651132464408875,0.18198847770690918,0.17030882835388184,0.2455929070711136,0.06929327547550201,0.05424300208687782,0.12784412503242493,0.24252831935882568,0.2896762490272522,0.09659706801176071,0.05966004356741905,0.21509569883346558,0.24605149030685425,0.18018537759780884,0.25684645771980286,0.03946802020072937,0.2056427001953125,0.2612864673137665,0.17806224524974823,0.0022084303200244904,-0.03305796906352043,0.1579580157995224,0.07400952279567719,0.325949490070343,0.19896477460861206,0.03794138878583908,0.12867063283920288,0.1258402168750763,0.060171112418174744,0.09895319491624832,0.06712892651557922,0.28655269742012024,0.27526795864105225,0.3362088203430176,0.21218052506446838,0.12956541776657104,0.16483986377716064,0.21396568417549133,0.055105917155742645,0.39039623737335205,0.25694093108177185,0.1116931140422821,-0.05999897047877312,0.20254522562026978,0.32287728786468506,0.02212996780872345,0.043478868901729584,0.1781628131866455,0.2591038942337036,0.16559505462646484,0.1314486414194107,-0.0014774445444345474,0.11907006055116653,0.24865040183067322,0.050841208547353745,0.21784819662570953,0.055050015449523926,0.18768569827079773
candle,0.07299935817718506,0.21974781155586243,0.12764972448349,0.10752460360527039,0.12901300191879272,0.15756770968437195,0.024149766191840172,0.0638469010591507,0.020027630031108856,1.0,0.050948191434144974,0.0877034068107605,0.1159629374742508,0.25104013085365295,0.15244878828525543,0.17243124544620514,0.19584769010543823,0.1297788918018341,0.1265190839767456,0.003698907792568207,0.224731907248497,0.1381484419107437,0.03749072179198265,0.009928226470947266,0.1201009526848793,0.09963206201791763,0.09939204156398773,0.10071850568056107,0.11533074080944061,0.049460045993328094,0.08702848851680756,0.17554500699043274,0.3082466721534729,0.02386067807674408,0.06498934328556061,0.008691459894180298,0.05190563574433327,0.062212616205215454,-0.04317478835582733,0.023023786023259163,0.09576095640659332,0.0599961131811142,0.20766368508338928,0.10170450806617737,0.09212300181388855,0.05049394816160202,0.17859148979187012,0.10508856922388077,0.06265750527381897,0.07073168456554413,0.051762185990810394,0.19186557829380035,0.07536035776138306,0.0729900598526001,0.13725347816944122,0.08046828210353851,0.11032150685787201,0.19697998464107513,0.11660157144069672,0.0938352420926094,0.2482563853263855,0.11367450654506683,0.15437406301498413,0.060204651206731796,0.11847331374883652,0.10210870951414108,0.0864894762635231,0.1012217104434967,0.08092966675758362,0.22790083289146423,-0.014349639415740967,0.04527862370014191,0.07033652067184448,-0.011604789644479752,0.1492127776145935,0.17796690762043,0.07530626654624939,0.12156900763511658,0.0545198991894722,0.1905076950788498,0.12245640158653259,0.09062305092811584,0.02013763226568699,0.09859871119260788,0.091991126537323,0.09692838788032532,0.18023274838924408,0.10494467616081238,0.1437501311302185,0.11725085228681564,0.02967723459005356,0.07778292894363403,-0.015891246497631073,0.033948443830013275,0.12459306418895721,0.09715094417333603,0.0912618339061737,0.16296865046024323
card_catalog,0.29399314522743225,0.10495372116565704,0.13662728667259216,0.07625836879014969,0.10935066640377045,0.013097806833684444,0.34150564670562744,0.10175028443336487,0.10536813735961914,0.050948191434144974,1.0,0.12429583072662354,0.10050983726978302,0.020487811416387558,0.016832314431667328,0.11551114171743393,0.30177170038223267,0.08864492923021317,0.1619887351989746,0.07744178920984268,0.01575390063226223,0.2266036421060562,0.17895768582820892,0.0773167610168457,0.01557619497179985,0.08496487885713577,-0.03806034103035927,0.09024577587842941,0.2971574366092682,0.21967941522598267,0.05340748652815819,0.06905516237020493,0.06486906856298447,0.1086762398481369,-0.009873688220977783,-0.009489357471466064,0.04590953513979912,0.1656428426504135,-0.03560484200716019,0.22637924551963806,-0.0032291561365127563,0.11812937259674072,-0.006597965955734253,0.2527826726436615,0.47694724798202515,0.018083371222019196,0.07266974449157715,0.25906994938850403,0.13879728317260742,0.03756783530116081,-0.09858769178390503,0.02839254029095173,-0.006533447653055191,0.011290527880191803,0.3484334647655487,0.12204460799694061,0.18774351477622986,0.08455763757228851,0.018556540831923485,0.00662226602435112,-0.06327524781227112,0.004938773810863495,-0.06448109447956085,0.35861843824386597,0.1837061196565628,-0.04398930445313454,-0.04295217990875244,0.0011119376868009567,0.04518692195415497,0.016068633645772934,-0.005236312747001648,-0.03062702715396881,-0.026900243014097214,0.1332012265920639,-0.010080192238092422,0.006893553771078587,0.11550511419773102,0.18528276681900024,0.03791853040456772,0.04390877112746239,0.049747005105018616,0.2401248812675476,0.08521132171154022,0.39601993560791016,0.28792986273765564,-0.023839935660362244,0.18810471892356873,0.013952620327472687,0.10465749353170395,-0.005176816135644913,0.4641461968421936,0.0030305329710245132,0.15282025933265686,0.24994999170303345,0.08359964191913605,0.20395246148109436,0.09190264344215393,0.2340872883796692
cereal_bowl,0.1408824622631073,0.5083216428756714,0.3270127773284912,0.3156100809574127,0.30046188831329346,0.3755968511104584,0.4156615138053894,0.06089834123849869,0.3818363845348358,0.0877034068107605,0.12429583072662354,1.0,0.14341983199119568,0.22182908654212952,0.07984384894371033,0.3825420141220093,0.5641005635261536,0.3994646668434143,0.3065168261528015,0.06044661998748779,0.5226365327835083,0.5999407768249512,0.18958567082881927,0.017532868310809135,0.4271898865699768,0.4703296720981598,0.5729497671127319,0.40113362669944763,0.34941399097442627,0.26980316638946533,0.24141323566436768,0.298927366733551,0.05136715620756149,0.176979660987854,0.327154278755188,0.3938809335231781,0.1904352307319641,0.4853645861148834,0.27646511793136597,0.2588523328304291,0.176298588514328,0.3142761290073395,0.27567750215530396,0.5088150501251221,0.20305956900119781,0.11608322709798813,0.30553439259529114,0.3452607989311218,0.42574751377105713,0.3392521142959595,0.07969363033771515,0.3678467869758606,0.10893076658248901,0.37312155961990356,0.5178357362747192,0.18045413494110107,0.38396191596984863,0.32558369636535645,0.37164777517318726,0.25436437129974365,0.06744769960641861,0.2403634786605835,0.34742048382759094,0.543397068977356,0.4731653332710266,0.2803654074668884,0.08130493760108948,0.3789166808128357,0.15321534872055054,0.38049250841140747,0.3304358422756195,0.40262895822525024,0.2652807831764221,0.7709402441978455,0.42244625091552734,0.4165472090244293,0.36179375648498535,0.4322885572910309,0.26584744453430176,0.3173355460166931,0.3013375997543335,0.3686349391937256,0.07677459716796875,0.35655319690704346,0.502151608467102,0.23738674819469452,0.3226362466812134,0.3328040540218353,0.42593374848365784,0.28021401166915894,0.12361282110214233,0.014025792479515076,0.16845671832561493,0.2609539330005646,0.3311552405357361,0.27768558263778687,0.29140669107437134,0.35210567712783813
chair,0.19163167476654053,0.07162289321422577,0.6539146900177002,0.17961212992668152,0.057071998715400696,0.04455502703785896,0.26101821660995483,0.04044181853532791,0.001295723021030426,0.1159629374742508,0.10050983726978302,0.14341983199119568,1.0,-0.06875806301832199,0.18307678401470184,0.1690342277288437,0.2916156053543091,0.12093748152256012,0.06397654861211777,0.0007932912558317184,0.12992508709430695,0.22625720500946045,0.20169833302497864,0.04221383482217789,0.09001689404249191,0.1413271725177765,0.04002854973077774,0.13664229214191437,0.21331003308296204,0.17082339525222778,0.035344965755939484,0.052324775606393814,0.07751559466123581,0.20537391304969788,-0.040514398366212845,0.057756245136260986,0.06503623723983765,0.12484017014503479,-0.05583901330828667,0.13719452917575836,-0.027139194309711456,0.06561556458473206,0.11485249549150467,0.2919774651527405,0.1954757124185562,0.029888030141592026,0.096330925822258,0.15826386213302612,0.12853489816188812,-0.03889872878789902,0.0867709368467331,0.054435715079307556,0.06848398596048355,0.05582624301314354,0.18241199851036072,0.19154328107833862,0.20459720492362976,0.08918622136116028,0.0976271778345108,0.004560582339763641,0.005348538979887962,0.05485554039478302,0.06873901188373566,0.09653262048959732,0.018578581511974335,0.01623472571372986,0.13415077328681946,0.1365659236907959,-0.06448818743228912,0.06512059271335602,0.03224828466773033,0.032329387962818146,0.07346232235431671,0.18256287276744843,0.061038218438625336,0.1753811538219452,0.19643746316432953,0.3936830163002014,0.12845131754875183,0.10090790688991547,0.08641565591096878,0.20113149285316467,0.22529089450836182,0.21262522041797638,0.21518878638744354,-0.03467404842376709,0.5319496393203735,0.026963869109749794,0.13748517632484436,-0.030357692390680313,0.09615658223628998,0.0778641402721405,0.08256804943084717,0.1613185703754425,0.24520394206047058,0.1667400598526001,0.12565374374389648,0.21363957226276398
cinnamon,0.02070290967822075,0.32423830032348633,-0.014017833396792412,0.04791934788227081,0.19070595502853394,0.2104441523551941,0.08884475380182266,0.039232492446899414,0.03787655755877495,0.25104013085365295,0.020487811416387558,0.22182908654212952,-0.06875806301832199,1.0,0.018184620887041092,0.17847728729248047,0.18836480379104614,0.19926638901233673,0.06630425155162811,-0.050846002995967865,0.1796826720237732,0.16202257573604584,0.04717754200100899,-0.07213642448186874,0.20094090700149536,0.029994428157806396,0.2540755867958069,0.05120410770177841,0.05837437883019447,-0.017691489309072495,-0.0018913471139967442,0.07634912431240082,0.026158727705478668,0.06762441992759705,0.44853222370147705,0.08828512579202652,0.028608378022909164,0.1158682256937027,0.22774222493171692,-0.022847693413496017,0.47038835287094116,0.09238524734973907,0.060156986117362976,0.05811162292957306,-0.020787617191672325,0.19259440898895264,0.11256621032953262,0.07319168746471405,0.07148509472608566,0.26490187644958496,0.06121774762868881,0.15960782766342163,-0.008406879380345345,0.1394679844379425,0.06443950533866882,0.09477226436138153,0.047178976237773895,0.10473394393920898,0.17587774991989136,0.2627340257167816,0.1457933634519577,0.0871770828962326,0.18944737315177917,0.1321604996919632,0.37082165479660034,0.383083701133728,-0.0387081578373909,0.050716474652290344,-0.049345120787620544,0.17335517704486847,0.2914484441280365,0.23749928176403046,0.17942330241203308,0.14990352094173431,0.28099554777145386,0.13424961268901825,0.0952361524105072,0.07754291594028473,-0.02839277684688568,0.06743417680263519,0.14470043778419495,0.15780708193778992,0.0357230119407177,0.004362523555755615,0.06440861523151398,0.5091233253479004,-0.037493977695703506,0.4053364396095276,0.13135960698127747,0.4596880078315735,0.03551599010825157,-0.03989417850971222,-0.02063443697988987,-0.010852880775928497,0.07712341099977493,0.024252865463495255,0.04519648477435112,0.06719925999641418
cloth,0.11468442529439926,0.06279812753200531,0.10908136516809464,0.15643110871315002,0.00013517588376998901,0.12967270612716675,0.09487351775169373,0.018508894369006157,-0.04729331284761429,0.15244878828525543,0.016832314431667328,0.07984384894371033,0.18307678401470184,0.018184620887041092,1.0,0.054587218910455704,0.130260169506073,0.004412010312080383,0.11478164792060852,-0.009205911308526993,0.15850655734539032,0.10254291445016861,0.007558210287243128,0.2924277186393738,0.08128371089696884,0.14567498862743378,0.13607347011566162,0.0905507504940033,0.0937587171792984,0.12470139563083649,0.022232212126255035,0.013804268091917038,0.08413514494895935,0.24998384714126587,0.2363688349723816,0.07941579818725586,0.018969641998410225,-0.020447254180908203,0.055892761796712875,0.12334699928760529,0.0307227224111557,0.06262432038784027,0.17169541120529175,0.05199287459254265,0.08075296878814697,-0.029775070026516914,0.046115029603242874,0.054998237639665604,-0.034707099199295044,0.1199282705783844,0.12073758989572525,0.10724193602800369,0.1372450590133667,0.07773833721876144,0.09813520312309265,0.3545147180557251,0.04869338124990463,0.07444766908884048,0.047366462647914886,0.05204971879720688,0.009666260331869125,0.27563297748565674,0.09605570137500763,0.022226259112358093,0.18336132168769836,0.03084900788962841,0.36640655994415283,0.11172404885292053,0.022575873881578445,0.11883673816919327,0.018144290894269943,0.07289443165063858,0.1001816913485527,0.02767985686659813,0.09461156278848648,0.13488036394119263,0.05015965551137924,0.10907672345638275,-0.012267673388123512,0.15913698077201843,0.14933988451957703,0.11248397827148438,0.23811841011047363,0.10541433840990067,0.11667101085186005,-0.0025280900299549103,0.1473536193370819,0.06913226842880249,0.5066945552825928,0.06217820942401886,0.023809880018234253,0.6215920448303223,0.11449197679758072,0.11044063419103622,0.08581515401601791,0.14039985835552216,0.29455262422561646,0.06431932002305984
coffee_maker,0.12342353910207748,0.40133577585220337,0.27106308937072754,0.1274832934141159,0.4409133791923523,0.4458729028701782,0.25599825382232666,0.050874873995780945,0.3621615171432495,0.17243124544620514,0.11551114171743393,0.3825420141220093,0.1690342277288437,0.17847728729248047,0.054587218910455704,1.0,0.5392192602157593,0.6872506737709045,0.18699589371681213,0.08247222751379013,0.4924320876598358,0.4401255249977112,0.20070353150367737,-0.03837427869439125,0.36036282777786255,0.42978399991989136,0.31934645771980286,0.5301280617713928,0.2065752148628235,0.17691971361637115,0.22373518347740173,0.29999253153800964,0.21916520595550537,0.029743613675236702,0.08367735147476196,0.1266503632068634,0.04859757050871849,0.47421449422836304,0.013965546153485775,0.19632452726364136,0.03420500084757805,0.18182963132858276,0.28881120681762695,0.37148410081863403,0.0707777589559555,0.047146812081336975,0.2501942813396454,0.15911397337913513,0.3886032700538635,0.12445569038391113,0.13364724814891815,0.4823733866214752,0.020996123552322388,0.23924045264720917,0.31304699182510376,0.13148754835128784,0.30280694365501404,0.47417721152305603,0.467725545167923,0.2069646567106247,-0.01881592534482479,0.2595210373401642,0.19798073172569275,0.2526324987411499,0.22750623524188995,0.13332539796829224,0.11751962453126907,0.2334563434123993,0.17945879697799683,0.31539320945739746,0.019321786239743233,0.29751574993133545,0.26115524768829346,0.2932749092578888,0.30193445086479187,0.3999250531196594,0.2974271774291992,0.3189719617366791,0.20688235759735107,0.5080698132514954,0.19083872437477112,0.26885807514190674,0.07574642449617386,0.28132930397987366,0.3029322028160095,0.10219287127256393,0.18762582540512085,0.1986115574836731,0.41762715578079224,0.21633164584636688,0.17971275746822357,0.015366820618510246,0.10496485978364944,0.20433875918388367,0.27221956849098206,0.21734443306922913,0.26820096373558044,0.28380104899406433
coffee_mug,0.3858869969844818,0.42300474643707275,0.4932272732257843,0.29385676980018616,0.29573678970336914,0.2859947681427002,0.5906080603599548,0.14880308508872986,0.2704848647117615,0.19584769010543823,0.30177170038223267,0.5641005635261536,0.2916156053543091,0.18836480379104614,0.130260169506073,0.5392192602157593,0.9999998807907104,0.4819742739200592,0.3779093325138092,0.1185528114438057,0.4764227569103241,0.6172524094581604,0.3419567346572876,0.08869831264019012,0.43440669775009155,0.40256673097610474,0.3364359438419342,0.4691859483718872,0.5839844942092896,0.33050069212913513,0.2300305962562561,0.32595935463905334,0.1573542356491089,0.1934148520231247,0.09714804589748383,0.1764504611492157,0.0962776467204094,0.5883176326751709,0.04679543897509575,0.32216793298721313,0.07095994800329208,0.21236392855644226,0.42904847860336304,0.5385127663612366,0.3038738965988159,0.08626683056354523,0.22123558819293976,0.3773752748966217,0.4542897641658783,0.1731393188238144,0.09242258965969086,0.3772180676460266,0.12522533535957336,0.28126728534698486,0.5696500539779663,0.21557652950286865,0.5492833852767944,0.42641404271125793,0.32608088850975037,0.22984246909618378,0.019954107701778412,0.26795271039009094,0.20658773183822632,0.5029487013816833,0.37896013259887695,0.16947057843208313,0.1702842265367508,0.35134977102279663,0.14023950695991516,0.3808698058128357,0.08399417251348495,0.2663467526435852,0.1582026481628418,0.4936370253562927,0.33462145924568176,0.44089141488075256,0.357944518327713,0.5715821981430054,0.26749181747436523,0.3750225305557251,0.2747025489807129,0.5301709175109863,0.211787149310112,0.43702876567840576,0.5944089889526367,0.1114216297864914,0.43331006169319153,0.26770251989364624,0.4735652506351471,0.24878716468811035,0.20928876101970673,-0.012628182768821716,0.20890164375305176,0.3457244336605072,0.34151551127433777,0.4163605570793152,0.29579806327819824,0.48608171939849854
coffee_pot,0.09148335456848145,0.3499128520488739,0.3043443560600281,0.05611616000533104,0.24813149869441986,0.27925845980644226,0.12054356187582016,0.03618963062763214,0.37876075506210327,0.1297788918018341,0.08864492923021317,0.3994646668434143,0.12093748152256012,0.19926638901233673,0.004412010312080383,0.6872506737709045,0.4819742739200592,1.0,0.1622648537158966,-0.037108149379491806,0.379386305809021,0.33643364906311035,0.16689202189445496,-0.044018737971782684,0.42464014887809753,0.30152928829193115,0.2516065239906311,0.29879114031791687,0.10773935914039612,0.1387808620929718,0.04051735997200012,0.17126941680908203,0.1789829134941101,-0.04174228012561798,0.10985308885574341,0.0708724707365036,0.08680152893066406,0.2838672995567322,0.04184209555387497,0.15961375832557678,0.049842510372400284,0.13165797293186188,0.25621849298477173,0.3280673325061798,0.10509301722049713,0.046925462782382965,0.25539499521255493,0.13102899491786957,0.29310357570648193,0.05595158413052559,0.1108066588640213,0.49720990657806396,0.009685290977358818,0.3064635097980499,0.22884637117385864,0.12989658117294312,0.40089237689971924,0.3145477771759033,0.3180171847343445,0.21872621774673462,0.036802344024181366,0.18998049199581146,0.17746365070343018,0.17100661993026733,0.24099627137184143,0.17545977234840393,0.03255044296383858,0.17885008454322815,0.09076651185750961,0.40217864513397217,0.1317523866891861,0.23828807473182678,0.2106563299894333,0.36611878871917725,0.33819547295570374,0.3682652711868286,0.27722445130348206,0.2848757803440094,0.16473273932933807,0.2690713703632355,0.13832300901412964,0.13576868176460266,0.005129322409629822,0.15950492024421692,0.21393653750419617,0.19757641851902008,0.1914999783039093,0.2400248497724533,0.390348345041275,0.25043773651123047,0.14829927682876587,-0.03697643056511879,0.11847878992557526,0.19766314327716827,0.17198964953422546,0.10090289264917374,0.15042877197265625,0.17575812339782715
container,0.21501898765563965,0.16337531805038452,0.1277744472026825,0.36008188128471375,0.23638901114463806,0.10374561697244644,0.32612815499305725,0.1670529544353485,0.24164080619812012,0.1265190839767456,0.1619887351989746,0.3065168261528015,0.06397654861211777,0.06630425155162811,0.11478164792060852,0.18699589371681213,0.3779093325138092,0.1622648537158966,1.0,0.008490953594446182,0.3277346193790436,0.20741206407546997,0.0929049700498581,0.06139906123280525,0.3365919589996338,0.13247880339622498,0.2320380061864853,0.2689394950866699,0.392503023147583,0.47051072120666504,0.1024840697646141,0.22319121658802032,0.19113105535507202,0.006393149495124817,0.18971309065818787,0.19909870624542236,0.06012490391731262,0.3935404419898987,0.22333016991615295,0.5053357481956482,0.06068599969148636,0.025400545448064804,0.33408331871032715,0.13980187475681305,0.15087561309337616,0.1509707272052765,0.02051486074924469,0.20122480392456055,0.29349371790885925,0.20479094982147217,0.04317183420062065,0.2293175905942917,0.05726741626858711,0.3126823902130127,0.49426138401031494,-0.004826517775654793,0.3132891058921814,0.2297709584236145,0.13152463734149933,0.18451163172721863,0.09990660101175308,0.05238628759980202,0.22723251581192017,0.3370155096054077,0.2509313225746155,0.09164224565029144,0.346112459897995,0.22543221712112427,0.07740389555692673,0.372198224067688,0.07783867418766022,0.1894867867231369,0.05518290773034096,0.25590980052948,0.33653634786605835,0.3413081169128418,0.1392318308353424,0.2381274700164795,0.19436576962471008,0.2579957842826843,0.2103433907032013,0.27978789806365967,0.092917799949646,0.2515357434749603,0.6842312812805176,0.10517938435077667,0.14785189926624298,0.28055906295776367,0.1577068418264389,0.2748699188232422,0.06670930981636047,0.062489695847034454,0.4176381528377533,0.4657030999660492,0.3713817298412323,0.3357791304588318,0.15648213028907776,0.09518752992153168
range,-0.08933164924383163,0.09777866303920746,0.08045275509357452,0.14703011512756348,0.010744929313659668,-0.034314025193452835,0.14191320538520813,0.10133340954780579,-0.045299679040908813,0.003698907792568207,0.07744178920984268,0.06044661998748779,0.0007932912558317184,-0.050846002995967865,-0.009205911308526993,0.08247222751379013,0.1185528114438057,-0.037108149379491806,0.008490953594446182,1.0,0.07458563894033432,0.12330804765224457,0.1755896359682083,0.1292572021484375,-0.04795503988862038,0.059960853308439255,0.09283336251974106,0.12025012820959091,0.0839541107416153,0.02393192984163761,0.05025221034884453,0.03246624022722244,-0.04864325001835823,0.06742154061794281,-0.03281035274267197,0.03690064698457718,0.03345131501555443,0.11804579943418503,0.0254116952419281,0.006618615239858627,-0.05519264563918114,0.02067285031080246,0.04196026176214218,0.08397558331489563,0.16416242718696594,-0.04628056287765503,0.0765831470489502,0.05068613216280937,0.02529245987534523,0.07496187835931778,0.02091382071375847,0.09755120426416397,0.016947872936725616,-0.07444238662719727,0.16869890689849854,-0.0004384368658065796,0.06452344357967377,0.11034449934959412,0.21548523008823395,-0.004111337475478649,-0.018288789317011833,-0.039916299283504486,0.030934764072299004,0.12807300686836243,0.07330532371997833,-0.037515804171562195,-0.028744790703058243,0.08586324751377106,0.05443804711103439,0.0502178929746151,0.050857897847890854,-0.0046424102038145065,-0.11948370933532715,0.059743545949459076,0.03067772462964058,0.04204322770237923,0.07412102818489075,0.09268484264612198,0.05272683501243591,0.07493806630373001,-0.03097207471728325,0.12964674830436707,0.06529399007558823,0.09225843846797943,0.07856728881597519,-0.03600400686264038,0.09560021758079529,-0.07549243420362473,-0.048461511731147766,-0.06203163415193558,0.050718288868665695,0.05378679186105728,-0.017281614243984222,0.002291247248649597,0.06807411462068558,0.06709878146648407,0.03306661918759346,0.11015507578849792
